34,4
22,4
142,2
96,2
85,2
173,9
173,8
173,7
173,6
173,5
173,2
49,2
4294967278,89
4294967278,85
4294967278,80
98,6
98,4
97,4
82,6
82,5
82,4
47,2
142,5
142,4
95,4
170,2
96,4
96,5
96,6
157,4
4294967294,492
50,4
4294967294,1431
173,4
85,6
85,5
168,7
168,6
168,2
4294967294,1469
4294967294,1470
4294967278,240
165,2
4294967294,1471
43,5
304,18
304,0
305,10
304,17
304,15
304,16
172,1
172,16
172,0
299,10
299,0
172,4
172,7
172,9
172,8
172,6
172,5
167,6
167,0
167,1
167,5
4294967279,459
400,8
400,7
4294967278,75
4294967278,392
4294967279,415
4294967294,1561
172,2
400,6
400,5
400,4
400,3
400,2
400,1
298,13
298,0
4294967294,495
170,9
170,8
170,7
170,6
170,5
164,2
167,2
4294967279,458
4294967279,275
4294967278,274
4294967294,1617
4294967294,1616
4294967278,391
167,4
304,12
172,15
4294967279,411
305,11
305,0
4294967278,52
4294967279,414
172,14
299,9
298,12
172,13
304,14
170,4
304,13
166,2
4294967278,250
172,12
4294967279,457
299,8
168,4
168,5
4294967294,494
4294967294,1468
4294967278,57
4294967278,341
92,2
298,11
163,2
49,4
47,5
49,5
4294967294,475
143,4
43,4
4294967294,1467
162,2
165,4
166,4
164,7
164,6
164,5
163,4
162,4
164,4
4294967294,43
4294967294,83
4294967278,309
4294967279,88
4294967279,2
4294967279,413
4294967279,403
4294967279,289
4294967278,2
4294967278,260
4294967278,390
4294967279,456
4294967279,409
4294967278,340
4294967278,48
4294967278,43
4294967278,389
4294967279,455
4294967278,311
4294967279,454
4294967278,339
4294967279,293
4294967278,291
4294967278,388
4294967279,401
4294967279,318
4294967278,327
4294967278,338
4294967278,276
4294967279,264
4294967279,281
4294967279,453
4294967279,398
4294967279,412
4294967278,336
4294967279,157
4294967279,295
4294967278,292
4294967279,452
4294967279,243
4294967279,397
4294967278,387
4294967278,386
4294967279,396
4294967279,404
4294967278,385
4294967278,334
4294967278,384
4294967278,300
4294967279,304
4294967278,323
4294967278,112
4294967279,410
4294967279,9
4294967279,6
4294967278,252
4294967278,251
4294967279,311
4294967279,267
4294967279,285
4294967279,265
4294967279,283
4294967279,262
4294967279,261
4294967279,279
4294967279,309
4294967278,304
4294967279,308
4294967278,303
4294967279,307
4294967278,302
4294967279,306
4294967278,301
4294967279,305
4294967278,299
4294967279,303
4294967278,253
4294967279,302
4294967278,297
4294967278,249
4294967279,220
4294967278,313
4294967279,451
4294967278,333
4294967279,408
4294967278,331
4294967278,383
4294967278,185
4294967279,450
4294967278,329
4294967294,1462
4294967278,382
4294967279,405
172,11
172,10
304,9
4294967294,1430
4294967294,1463
52,2
4294967278,248
4294967278,247
4294967278,245
4294967278,243
4294967278,241
4294967278,238
4294967278,237
4294967278,235
305,9
305,5
4294967278,233
305,8
64,2
4294967278,161
4294967294,493
4294967294,1444
4294967279,156
4294967294,46
4294967294,2
4294967278,153
4294967294,50
4294967294,11
4294967294,386
4294967294,104
4294967294,106
4294967294,180
4294967294,175
4294967279,402
4294967279,294
4294967279,314
4294967279,292
4294967279,291
4294967279,449
4294967279,399
4294967279,448
4294967278,234
4294967278,231
4294967278,229
4294967279,230
4294967278,227
4294967278,225
4294967278,223
4294967278,221
4294967278,219
4294967278,217
4294967278,215
4294967278,214
4294967278,212
4294967278,211
4294967278,210
4294967278,209
4294967278,208
4294967279,390
4294967278,207
4294967279,384
4294967278,205
4294967278,203
4294967278,201
4294967278,199
4294967278,197
4294967279,136
4294967278,193
4294967278,191
4294967278,319
4294967278,189
4294967278,187
4294967278,310
4294967278,183
4294967279,406
4294967278,181
4294967278,330
4294967278,179
4294967278,177
4294967278,337
57,2
4294967278,328
4294967278,171
4294967294,1035
4294967294,115
4294967294,116
4294967294,168
4294967294,162
4294967279,0
4294967279,317
4294967278,296
44,2
92,7
92,4
92,8
92,6
92,5
4294967278,167
4294967278,164
4294967278,163
4294967278,162
4294967278,160
4294967278,159
4294967278,158
4294967278,155
4294967279,153
64,4
57,5
57,4
4294967294,1454
4294967294,1040
299,7
4294967278,381
304,11
304,10
304,8
304,5
298,10
299,6
299,5
305,7
305,6
4294967278,380
298,9
298,8
304,7
304,6
4294967278,379
4294967278,88
4294967278,58
4294967278,55
4294967278,335
13,4
4294967294,425
4294967294,470
4,2
4294967278,285
4294967294,474
4294967294,1428
12,5
12,4
4294967294,1459
4294967294,471
4294967278,283
4294967279,310
144,4
4294967294,490
4294967278,258
47,4
4294967294,1450
4294967294,1423
4294967294,1457
4294967278,332
253,31
253,0
253,30
253,29
253,28
253,27
253,26
253,25
253,24
253,23
253,22
253,21
253,20
253,19
253,18
253,17
253,16
253,15
253,14
253,13
253,12
253,11
253,10
253,9
253,8
253,7
253,6
4294967294,81
4294967294,127
4294967294,18
4294967294,68
4294967279,257
6,4
4,4
4,5
4294967278,378
4294967278,242
58,4
4294967294,1426
4294967278,322
4294967279,260
396,17
396,8
4294967279,447
396,16
396,9
396,15
396,14
4294967279,446
396,13
396,12
396,11
396,10
396,5
4294967279,445
4294967279,174
396,7
396,6
4294967294,5
4294967279,234
396,4
396,3
396,2
396,1
4294967278,226
4294967278,224
4294967279,224
4294967278,220
4294967278,321
4294967279,444
4294967278,377
4294967279,391
4294967294,982
4294967294,28
4294967294,27
4294967294,90
4294967294,1
4294967294,86
4294967294,93
4294967294,95
395,4
395,3
395,2
395,1
4294967278,206
394,4
394,3
394,2
394,1
393,4
4294967278,204
393,3
393,2
393,1
392,4
392,3
392,2
392,1
4294967278,202
4294967294,9
4294967294,8
391,4
0,7
391,3
391,2
391,1
4294967278,200
390,4
390,3
390,2
390,1
384,7
4294967278,198
384,6
384,5
389,4
4294967278,196
389,3
389,2
389,1
4294967278,195
388,4
388,3
388,2
388,1
4294967278,194
387,4
387,3
387,2
387,1
4294967278,192
386,4
386,3
386,2
386,1
385,4
4294967278,190
385,3
385,2
385,1
384,4
384,3
384,2
384,1
4294967278,188
4294967294,184
4294967294,1736
4294967294,161
4294967294,976
4294967294,1421
4294967294,1735
4294967294,1734
4294967294,1538
4294967294,1676
4294967278,186
383,4
383,3
383,2
383,1
382,4
4294967278,184
382,3
382,2
382,1
381,4
381,3
381,2
381,1
4294967278,182
380,4
380,3
380,2
380,1
4294967278,180
379,4
379,3
379,2
379,1
378,4
4294967278,178
378,3
378,2
378,1
372,7
372,6
4294967278,176
372,5
4294967278,175
377,4
377,3
377,2
377,1
4294967278,173
376,4
4294967278,172
376,3
376,2
376,1
375,4
375,3
375,2
375,1
4294967278,170
374,4
4294967278,169
374,3
374,2
374,1
4294967278,168
373,4
373,3
373,2
373,1
372,4
4294967278,166
372,3
372,2
372,1
4294967294,1733
4294967294,1732
4294967294,1590
4294967278,165
5,4
4294967294,1038
4294967279,395
4294967278,376
4294967278,375
4294967279,400
86,2
4294967278,294
86,4
86,5
4294967279,394
4294967278,374
4294967278,157
371,4
4294967279,158
371,3
371,2
371,1
4294967278,156
4294967279,155
4294967278,326
4294967279,443
4294967278,154
4294967279,154
4294967278,373
4294967278,0
4294967294,1731
4294967294,1730
4294967279,152
370,4
370,3
370,2
370,1
4294967279,151
4294967278,325
4294967279,442
4294967294,1456
4294967294,1455
4294967294,489
4294967294,7
4294967294,6
4294967294,67
4294967294,51
4294967294,25
4294967294,26
4294967294,82
0,5
4294967293,131
4294967293,130
4294967293,129
4294967293,128
4294967293,127
4294967293,126
4294967293,125
4294967293,124
4294967293,123
4294967293,122
4294967293,121
4294967293,120
4294967293,119
4294967293,118
4294967293,117
4294967293,116
4294967293,115
4294967293,114
4294967293,113
4294967293,112
4294967293,111
4294967293,110
4294967293,109
4294967293,108
4294967293,107
4294967293,106
4294967293,105
4294967293,104
4294967293,103
4294967293,102
4294967293,101
4294967293,100
4294967293,99
4294967293,98
4294967293,97
4294967293,96
4294967293,95
4294967293,94
4294967293,93
4294967293,92
4294967293,91
4294967293,90
4294967293,89
4294967293,87
4294967293,86
4294967293,85
4294967293,84
4294967293,83
4294967293,82
4294967293,81
4294967293,80
4294967293,79
4294967293,78
4294967293,77
4294967293,76
4294967293,75
4294967293,74
4294967293,73
4294967293,72
4294967293,71
4294967293,70
4294967293,69
4294967293,68
4294967293,67
4294967293,66
4294967293,65
4294967293,64
4294967293,63
4294967293,62
4294967293,61
4294967293,60
4294967293,59
4294967293,58
4294967293,57
4294967293,56
4294967293,55
4294967293,54
4294967293,53
4294967293,52
4294967293,51
4294967293,50
4294967293,49
4294967293,48
4294967293,47
4294967293,46
4294967293,45
4294967293,44
4294967293,43
4294967293,42
4294967293,41
4294967293,40
4294967293,39
4294967293,38
4294967293,37
4294967293,36
4294967293,35
4294967293,34
4294967293,33
4294967293,32
4294967293,31
4294967293,30
4294967293,29
4294967293,28
4294967293,27
4294967293,26
4294967293,25
4294967293,24
4294967293,23
4294967293,22
4294967293,21
4294967293,20
4294967293,19
4294967293,18
4294967293,17
4294967293,16
4294967293,15
4294967293,14
4294967293,13
4294967293,12
4294967293,11
4294967293,10
4294967293,9
4294967293,8
4294967293,7
4294967293,6
4294967293,5
4294967293,4
4294967293,3
4294967278,47
4294967278,41
4294967278,34
4294967278,33
4294967278,31
4294967278,30
4294967278,29
4294967278,28
4294967278,27
4294967278,26
4294967278,25
4294967278,23
4294967278,22
4294967278,19
4294967278,18
4294967278,17
4294967278,16
4294967278,15
4294967278,14
4294967278,13
4294967278,12
4294967278,11
4294967278,10
4294967278,8
4294967278,7
4294967278,6
4294967278,5
4294967278,4
4294967279,132
4294967279,131
4294967279,130
4294967279,129
4294967279,127
4294967279,126
4294967279,125
4294967279,124
4294967279,122
4294967279,121
4294967279,120
4294967279,119
4294967279,118
4294967279,117
4294967279,116
4294967279,115
4294967279,114
4294967279,113
4294967279,112
4294967279,110
4294967279,109
4294967279,108
4294967279,107
4294967279,106
4294967279,105
4294967279,103
4294967279,102
4294967279,101
4294967279,100
4294967279,98
4294967279,95
4294967279,93
4294967279,92
4294967279,91
4294967279,90
4294967279,89
4294967279,87
4294967279,86
4294967279,85
4294967279,83
4294967279,82
4294967279,81
4294967279,80
4294967279,79
4294967279,78
4294967279,77
4294967279,76
4294967279,74
4294967279,73
4294967279,72
4294967279,71
4294967279,70
4294967279,69
4294967279,68
4294967279,67
4294967279,66
4294967279,65
4294967279,64
4294967279,63
4294967279,61
4294967279,59
4294967279,58
4294967279,57
4294967279,55
4294967279,54
4294967279,52
4294967279,51
4294967279,50
4294967279,49
4294967279,48
4294967279,46
4294967279,45
4294967279,44
4294967279,43
4294967279,42
4294967279,40
4294967279,39
4294967279,38
4294967279,37
4294967279,36
4294967279,35
4294967279,33
4294967279,31
4294967279,29
4294967279,28
4294967279,26
4294967279,20
4294967279,17
4294967279,14
4294967279,13
4294967279,34
14,2
54,5
54,4
4294967279,441
4294967279,32
16,4
16,5
19,4
117,6
117,5
117,4
4294967294,487
4294967279,25
40,2
79,6
79,5
79,4
15,5
15,4
4294967294,1437
4294967279,134
93,2
40,5
40,4
93,5
93,4
14,10
14,9
14,8
14,7
14,6
59,5
59,4
4294967294,1443
14,5
14,4
4294967294,473
4294967278,372
4294967278,20
4294967279,62
4294967279,56
4294967279,53
4294967279,47
4294967279,393
4294967279,41
4294967279,30
4294967279,27
4294967279,269
4294967294,1452
4294967278,290
136,4
45,12
45,0
4294967294,1615
4294967294,96
369,7
369,6
369,5
369,4
369,3
369,2
369,1
4294967279,278
368,7
368,6
368,5
368,4
368,3
368,2
368,1
367,5
367,4
367,3
367,2
367,1
4294967279,440
366,7
366,6
366,5
366,4
366,3
366,2
366,1
4294967294,1729
365,6
365,5
365,4
365,3
365,2
365,1
364,5
364,4
364,3
364,2
364,1
4294967294,1614
363,7
363,6
363,5
363,4
363,3
363,2
363,1
4294967294,1728
4294967294,1581
4294967294,1675
362,6
362,5
362,4
362,3
362,2
362,1
4294967294,1599
4294967294,1598
4294967294,1592
361,6
361,5
361,4
361,3
361,2
361,1
4294967294,1613
